(kicad_pcb (version 20171130) (host pcbnew "(5.1.10)-1")

  (general
    (thickness 1.6)
    (drawings 10)
    (tracks 0)
    (zones 0)
    (modules 40)
    (nets 60)
  )

  (page A4)
  (layers
    (0 F.Cu signal)
    (1 GND.Cu power)
    (2 Power.Cu power)
    (31 B.Cu signal)
    (32 B.Adhes user)
    (33 F.Adhes user)
    (34 B.Paste user)
    (35 F.Paste user)
    (36 B.SilkS user)
    (37 F.SilkS user)
    (38 B.Mask user)
    (39 F.Mask user)
    (40 Dwgs.User user)
    (41 Cmts.User user)
    (42 Eco1.User user)
    (43 Eco2.User user)
    (44 Edge.Cuts user)
    (45 Margin user)
    (46 B.CrtYd user)
    (47 F.CrtYd user)
    (48 B.Fab user hide)
    (49 F.Fab user hide)
  )

  (setup
    (last_trace_width 0.254)
    (user_trace_width 0.508)
    (trace_clearance 0.127)
    (zone_clearance 0.508)
    (zone_45_only no)
    (trace_min 0.0889)
    (via_size 0.4)
    (via_drill 0.2)
    (via_min_size 0.2)
    (via_min_drill 0.2)
    (user_via 0.4 0.2)
    (uvia_size 0.3)
    (uvia_drill 0.1)
    (uvias_allowed no)
    (uvia_min_size 0.2)
    (uvia_min_drill 0.1)
    (edge_width 0.05)
    (segment_width 0.2)
    (pcb_text_width 0.3)
    (pcb_text_size 1.5 1.5)
    (mod_edge_width 0.12)
    (mod_text_size 1 1)
    (mod_text_width 0.15)
    (pad_size 1.524 1.524)
    (pad_drill 0.762)
    (pad_to_mask_clearance 0)
    (aux_axis_origin 0 0)
    (visible_elements 7FFFFFFF)
    (pcbplotparams
      (layerselection 0x010fc_ffffffff)
      (usegerberextensions false)
      (usegerberattributes true)
      (usegerberadvancedattributes true)
      (creategerberjobfile true)
      (excludeedgelayer true)
      (linewidth 0.100000)
      (plotframeref false)
      (viasonmask false)
      (mode 1)
      (useauxorigin false)
      (hpglpennumber 1)
      (hpglpenspeed 20)
      (hpglpendiameter 15.000000)
      (psnegative false)
      (psa4output false)
      (plotreference true)
      (plotvalue true)
      (plotinvisibletext false)
      (padsonsilk false)
      (subtractmaskfromsilk false)
      (outputformat 1)
      (mirror false)
      (drillshape 1)
      (scaleselection 1)
      (outputdirectory ""))
  )

  (net 0 "")
  (net 1 /USB_5V)
  (net 2 GND)
  (net 3 "Net-(C2-Pad2)")
  (net 4 /CH_XI)
  (net 5 /CH_XO)
  (net 6 "Net-(C5-Pad1)")
  (net 7 /REG_3V3)
  (net 8 /IR_RECV)
  (net 9 "Net-(D2-Pad2)")
  (net 10 /USB_CONN_D-)
  (net 11 /USB_CONN_D+)
  (net 12 "Net-(J1-Pad4)")
  (net 13 "Net-(J1-Pad6)")
  (net 14 /SPI3_D1)
  (net 15 /SPI3_D0)
  (net 16 /SPI3_CLK)
  (net 17 /SPI3_CS0)
  (net 18 /SPI3_D3)
  (net 19 /SPI3_D2)
  (net 20 /IR_SEND)
  (net 21 "Net-(Q2-Pad1)")
  (net 22 /CH_RTS)
  (net 23 /GPIO0)
  (net 24 /CH_DTR)
  (net 25 "Net-(Q3-Pad1)")
  (net 26 "Net-(R1-Pad2)")
  (net 27 /ESP_RX)
  (net 28 /ESP_TX)
  (net 29 "Net-(R2-Pad2)")
  (net 30 /I2C0_SCL)
  (net 31 /I2C0_SDA)
  (net 32 /USB_D+)
  (net 33 /USB_D-)
  (net 34 "Net-(U3-Pad9)")
  (net 35 "Net-(U3-Pad10)")
  (net 36 "Net-(U3-Pad11)")
  (net 37 "Net-(U3-Pad12)")
  (net 38 "Net-(U3-Pad15)")
  (net 39 "Net-(U6-Pad6)")
  (net 40 /MPU_INT)
  (net 41 "Net-(C7-Pad1)")
  (net 42 "Net-(C12-Pad1)")
  (net 43 "Net-(C13-Pad1)")
  (net 44 /RESET)
  (net 45 "Net-(U4-Pad4)")
  (net 46 "Net-(U4-Pad5)")
  (net 47 "Net-(U4-Pad7)")
  (net 48 "Net-(U4-Pad9)")
  (net 49 "Net-(U4-Pad10)")
  (net 50 "Net-(U4-Pad11)")
  (net 51 "Net-(U4-Pad12)")
  (net 52 "Net-(U4-Pad13)")
  (net 53 "Net-(U4-Pad14)")
  (net 54 "Net-(U4-Pad16)")
  (net 55 "Net-(U4-Pad23)")
  (net 56 "Net-(U5-Pad6)")
  (net 57 "Net-(U5-Pad7)")
  (net 58 "Net-(U6-Pad3)")
  (net 59 "Net-(Q1-Pad2)")

  (net_class Default "This is the default net class."
    (clearance 0.127)
    (trace_width 0.254)
    (via_dia 0.4)
    (via_drill 0.2)
    (uvia_dia 0.3)
    (uvia_drill 0.1)
    (add_net /CH_DTR)
    (add_net /CH_RTS)
    (add_net /CH_XI)
    (add_net /CH_XO)
    (add_net /ESP_RX)
    (add_net /ESP_TX)
    (add_net /GPIO0)
    (add_net /I2C0_SCL)
    (add_net /I2C0_SDA)
    (add_net /IR_RECV)
    (add_net /IR_SEND)
    (add_net /MPU_INT)
    (add_net /REG_3V3)
    (add_net /RESET)
    (add_net /SPI3_CLK)
    (add_net /SPI3_CS0)
    (add_net /SPI3_D0)
    (add_net /SPI3_D1)
    (add_net /SPI3_D2)
    (add_net /SPI3_D3)
    (add_net /USB_5V)
    (add_net /USB_CONN_D+)
    (add_net /USB_CONN_D-)
    (add_net /USB_D+)
    (add_net /USB_D-)
    (add_net GND)
    (add_net "Net-(C12-Pad1)")
    (add_net "Net-(C13-Pad1)")
    (add_net "Net-(C2-Pad2)")
    (add_net "Net-(C5-Pad1)")
    (add_net "Net-(C7-Pad1)")
    (add_net "Net-(D2-Pad2)")
    (add_net "Net-(J1-Pad4)")
    (add_net "Net-(J1-Pad6)")
    (add_net "Net-(Q1-Pad2)")
    (add_net "Net-(Q2-Pad1)")
    (add_net "Net-(Q3-Pad1)")
    (add_net "Net-(R1-Pad2)")
    (add_net "Net-(R2-Pad2)")
    (add_net "Net-(U3-Pad10)")
    (add_net "Net-(U3-Pad11)")
    (add_net "Net-(U3-Pad12)")
    (add_net "Net-(U3-Pad15)")
    (add_net "Net-(U3-Pad9)")
    (add_net "Net-(U4-Pad10)")
    (add_net "Net-(U4-Pad11)")
    (add_net "Net-(U4-Pad12)")
    (add_net "Net-(U4-Pad13)")
    (add_net "Net-(U4-Pad14)")
    (add_net "Net-(U4-Pad16)")
    (add_net "Net-(U4-Pad23)")
    (add_net "Net-(U4-Pad4)")
    (add_net "Net-(U4-Pad5)")
    (add_net "Net-(U4-Pad7)")
    (add_net "Net-(U4-Pad9)")
    (add_net "Net-(U5-Pad6)")
    (add_net "Net-(U5-Pad7)")
    (add_net "Net-(U6-Pad3)")
    (add_net "Net-(U6-Pad6)")
  )

  (module PlayboardLib:LED-SMD-4 (layer F.Cu) (tedit 61BE270A) (tstamp 61BD2653)
    (at 71.628 46.736)
    (path /628A7F49)
    (attr smd)
    (fp_text reference D1 (at -3.12 0 90) (layer F.Fab)
      (effects (font (size 1 1) (thickness 0.15)))
    )
    (fp_text value IRM-H638T_TR2 (at 0 0) (layer F.Fab)
      (effects (font (size 1 1) (thickness 0.15)))
    )
    (fp_line (start -1.87 3.85) (end -1.87 -3.85) (layer F.CrtYd) (width 0.05))
    (fp_line (start 1.87 3.85) (end -1.87 3.85) (layer F.CrtYd) (width 0.05))
    (fp_line (start 1.87 -3.85) (end 1.87 3.85) (layer F.CrtYd) (width 0.05))
    (fp_line (start -1.87 -3.85) (end 1.87 -3.85) (layer F.CrtYd) (width 0.05))
    (fp_line (start 2.12 1.7) (end -1.32 1.7) (layer F.SilkS) (width 0.12))
    (fp_line (start 2.12 -1.7) (end 2.12 1.7) (layer F.SilkS) (width 0.12))
    (fp_line (start -2.12 -1.7) (end 2.12 -1.7) (layer F.SilkS) (width 0.12))
    (fp_line (start -2.12 0.9) (end -2.12 -1.7) (layer F.SilkS) (width 0.12))
    (fp_line (start -1.32 1.7) (end -2.12 0.9) (layer F.SilkS) (width 0.12))
    (pad 2 smd rect (at 1.27 2.9) (size 0.7 1.4) (layers F.Cu F.Paste F.Mask)
      (net 2 GND))
    (pad 3 smd rect (at 1.27 -2.9) (size 0.7 1.4) (layers F.Cu F.Paste F.Mask)
      (net 8 /IR_RECV))
    (pad 1 smd rect (at -1.27 2.9) (size 0.7 1.4) (layers F.Cu F.Paste F.Mask)
      (net 2 GND))
    (pad 4 smd rect (at -1.27 -2.9) (size 0.7 1.4) (layers F.Cu F.Paste F.Mask)
      (net 41 "Net-(C7-Pad1)"))
  )

  (module PlayboardLib:XCVR_ESP32-WROVER-I (layer F.Cu) (tedit 61BE1175) (tstamp 61BEA959)
    (at 103.378 55.118 270)
    (path /61BE7406)
    (fp_text reference U4 (at -5.23668 -16.82262 90) (layer F.SilkS)
      (effects (font (size 1.002236 1.002236) (thickness 0.15)))
    )
    (fp_text value ESP32-WROVER-I (at 3.6231 16.75238 90) (layer F.Fab)
      (effects (font (size 1.002236 1.002236) (thickness 0.15)))
    )
    (fp_poly (pts (xy -9.02874 -15.7) (xy 9 -15.7) (xy 9 -9.32969) (xy -9.02874 -9.32969)) (layer Dwgs.User) (width 0.01))
    (fp_poly (pts (xy -9.03039 -15.7) (xy 9 -15.7) (xy 9 -9.3314) (xy -9.03039 -9.3314)) (layer Dwgs.User) (width 0.01))
    (fp_poly (pts (xy -9.02296 -15.7) (xy 9 -15.7) (xy 9 -9.32372) (xy -9.02296 -9.32372)) (layer Dwgs.User) (width 0.01))
    (fp_poly (pts (xy -2.64847 -1.735) (xy -0.115 -1.735) (xy -0.115 0.796044) (xy -2.64847 0.796044)) (layer F.Paste) (width 0.01))
    (fp_line (start -9.8 15.95) (end -9.8 -15.95) (layer F.CrtYd) (width 0.05))
    (fp_line (start 9.8 15.95) (end -9.8 15.95) (layer F.CrtYd) (width 0.05))
    (fp_line (start 9.8 -15.95) (end 9.8 15.95) (layer F.CrtYd) (width 0.05))
    (fp_line (start -9.8 -15.95) (end 9.8 -15.95) (layer F.CrtYd) (width 0.05))
    (fp_circle (center -10.1 -8.4) (end -9.98 -8.4) (layer F.SilkS) (width 0.24))
    (fp_line (start -9 15.55) (end -9 15.7) (layer F.SilkS) (width 0.127))
    (fp_line (start 9 15.7) (end 9 15.5) (layer F.SilkS) (width 0.127))
    (fp_line (start -9 15.7) (end 9 15.7) (layer F.SilkS) (width 0.127))
    (fp_line (start 9 -15.7) (end 9 -8.95) (layer F.SilkS) (width 0.127))
    (fp_line (start -9 -15.7) (end 9 -15.7) (layer F.SilkS) (width 0.127))
    (fp_line (start -9 -8.95) (end -9 -15.7) (layer F.SilkS) (width 0.127))
    (fp_line (start -9 15.7) (end -9 -15.7) (layer F.Fab) (width 0.127))
    (fp_line (start 9 15.7) (end -9 15.7) (layer F.Fab) (width 0.127))
    (fp_line (start 9 -15.7) (end 9 15.7) (layer F.Fab) (width 0.127))
    (fp_line (start -9 -15.7) (end 9 -15.7) (layer F.Fab) (width 0.127))
    (pad 1 smd roundrect (at -8.81 -8.26 270) (size 1.45 0.93) (layers F.Cu F.Paste F.Mask) (roundrect_rratio 0.23)
      (net 2 GND))
    (pad 2 smd roundrect (at -8.81 -6.99 270) (size 1.45 0.93) (layers F.Cu F.Paste F.Mask) (roundrect_rratio 0.23)
      (net 7 /REG_3V3))
    (pad 3 smd roundrect (at -8.81 -5.72 270) (size 1.45 0.93) (layers F.Cu F.Paste F.Mask) (roundrect_rratio 0.23)
      (net 44 /RESET))
    (pad 4 smd roundrect (at -8.81 -4.45 270) (size 1.45 0.93) (layers F.Cu F.Paste F.Mask) (roundrect_rratio 0.23)
      (net 45 "Net-(U4-Pad4)"))
    (pad 5 smd roundrect (at -8.81 -3.18 270) (size 1.45 0.93) (layers F.Cu F.Paste F.Mask) (roundrect_rratio 0.23)
      (net 46 "Net-(U4-Pad5)"))
    (pad 6 smd roundrect (at -8.81 -1.91 270) (size 1.45 0.93) (layers F.Cu F.Paste F.Mask) (roundrect_rratio 0.23)
      (net 8 /IR_RECV))
    (pad 7 smd roundrect (at -8.81 -0.64 270) (size 1.45 0.93) (layers F.Cu F.Paste F.Mask) (roundrect_rratio 0.23)
      (net 47 "Net-(U4-Pad7)"))
    (pad 8 smd roundrect (at -8.81 0.63 270) (size 1.45 0.93) (layers F.Cu F.Paste F.Mask) (roundrect_rratio 0.23)
      (net 20 /IR_SEND))
    (pad 9 smd roundrect (at -8.81 1.9 270) (size 1.45 0.93) (layers F.Cu F.Paste F.Mask) (roundrect_rratio 0.23)
      (net 48 "Net-(U4-Pad9)"))
    (pad 10 smd roundrect (at -8.81 3.17 270) (size 1.45 0.93) (layers F.Cu F.Paste F.Mask) (roundrect_rratio 0.23)
      (net 49 "Net-(U4-Pad10)"))
    (pad 11 smd roundrect (at -8.81 4.44 270) (size 1.45 0.93) (layers F.Cu F.Paste F.Mask) (roundrect_rratio 0.23)
      (net 50 "Net-(U4-Pad11)"))
    (pad 12 smd roundrect (at -8.81 5.71 270) (size 1.45 0.93) (layers F.Cu F.Paste F.Mask) (roundrect_rratio 0.23)
      (net 51 "Net-(U4-Pad12)"))
    (pad 13 smd roundrect (at -8.81 6.98 270) (size 1.45 0.93) (layers F.Cu F.Paste F.Mask) (roundrect_rratio 0.23)
      (net 52 "Net-(U4-Pad13)"))
    (pad 14 smd roundrect (at -8.81 8.25 270) (size 1.45 0.93) (layers F.Cu F.Paste F.Mask) (roundrect_rratio 0.23)
      (net 53 "Net-(U4-Pad14)"))
    (pad 15 smd roundrect (at -8.81 9.52 270) (size 1.45 0.93) (layers F.Cu F.Paste F.Mask) (roundrect_rratio 0.23)
      (net 2 GND))
    (pad 16 smd roundrect (at -8.81 10.79 270) (size 1.45 0.93) (layers F.Cu F.Paste F.Mask) (roundrect_rratio 0.23)
      (net 54 "Net-(U4-Pad16)"))
    (pad 17 smd roundrect (at -8.81 12.06 270) (size 1.45 0.93) (layers F.Cu F.Paste F.Mask) (roundrect_rratio 0.23))
    (pad 18 smd roundrect (at -8.81 13.33 270) (size 1.45 0.93) (layers F.Cu F.Paste F.Mask) (roundrect_rratio 0.23))
    (pad 19 smd roundrect (at -8.81 14.6 270) (size 1.45 0.93) (layers F.Cu F.Paste F.Mask) (roundrect_rratio 0.23))
    (pad 20 smd roundrect (at 8.81 14.6 270) (size 1.45 0.93) (layers F.Cu F.Paste F.Mask) (roundrect_rratio 0.23))
    (pad 21 smd roundrect (at 8.81 13.33 270) (size 1.45 0.93) (layers F.Cu F.Paste F.Mask) (roundrect_rratio 0.23))
    (pad 22 smd roundrect (at 8.81 12.06 270) (size 1.45 0.93) (layers F.Cu F.Paste F.Mask) (roundrect_rratio 0.23))
    (pad 23 smd roundrect (at 8.81 10.79 270) (size 1.45 0.93) (layers F.Cu F.Paste F.Mask) (roundrect_rratio 0.23)
      (net 55 "Net-(U4-Pad23)"))
    (pad 24 smd roundrect (at 8.81 9.52 270) (size 1.45 0.93) (layers F.Cu F.Paste F.Mask) (roundrect_rratio 0.23)
      (net 31 /I2C0_SDA))
    (pad 25 smd roundrect (at 8.81 8.25 270) (size 1.45 0.93) (layers F.Cu F.Paste F.Mask) (roundrect_rratio 0.23)
      (net 23 /GPIO0))
    (pad 26 smd roundrect (at 8.81 6.98 270) (size 1.45 0.93) (layers F.Cu F.Paste F.Mask) (roundrect_rratio 0.23)
      (net 30 /I2C0_SCL))
    (pad 27 smd roundrect (at 8.81 5.71 270) (size 1.45 0.93) (layers F.Cu F.Paste F.Mask) (roundrect_rratio 0.23))
    (pad 28 smd roundrect (at 8.81 4.44 270) (size 1.45 0.93) (layers F.Cu F.Paste F.Mask) (roundrect_rratio 0.23))
    (pad 29 smd roundrect (at 8.81 3.17 270) (size 1.45 0.93) (layers F.Cu F.Paste F.Mask) (roundrect_rratio 0.23)
      (net 17 /SPI3_CS0))
    (pad 30 smd roundrect (at 8.81 1.9 270) (size 1.45 0.93) (layers F.Cu F.Paste F.Mask) (roundrect_rratio 0.23)
      (net 16 /SPI3_CLK))
    (pad 31 smd roundrect (at 8.81 0.63 270) (size 1.45 0.93) (layers F.Cu F.Paste F.Mask) (roundrect_rratio 0.23)
      (net 15 /SPI3_D0))
    (pad 32 smd roundrect (at 8.81 -0.64 270) (size 1.45 0.93) (layers F.Cu F.Paste F.Mask) (roundrect_rratio 0.23))
    (pad 33 smd roundrect (at 8.81 -1.91 270) (size 1.45 0.93) (layers F.Cu F.Paste F.Mask) (roundrect_rratio 0.23)
      (net 19 /SPI3_D2))
    (pad 34 smd roundrect (at 8.81 -3.18 270) (size 1.45 0.93) (layers F.Cu F.Paste F.Mask) (roundrect_rratio 0.23)
      (net 27 /ESP_RX))
    (pad 35 smd roundrect (at 8.81 -4.45 270) (size 1.45 0.93) (layers F.Cu F.Paste F.Mask) (roundrect_rratio 0.23)
      (net 28 /ESP_TX))
    (pad 36 smd roundrect (at 8.81 -5.72 270) (size 1.45 0.93) (layers F.Cu F.Paste F.Mask) (roundrect_rratio 0.23)
      (net 18 /SPI3_D3))
    (pad 37 smd roundrect (at 8.81 -6.99 270) (size 1.45 0.93) (layers F.Cu F.Paste F.Mask) (roundrect_rratio 0.23)
      (net 14 /SPI3_D1))
    (pad 38 smd roundrect (at 8.81 -8.26 270) (size 1.45 0.93) (layers F.Cu F.Paste F.Mask) (roundrect_rratio 0.23)
      (net 2 GND))
    (pad 39 smd rect (at -1.38 -0.47 270) (size 4 4) (layers F.Cu F.Mask)
      (net 2 GND))
    (model :Project:ESP32-WROVER-I.step
      (at (xyz 0 0 0))
      (scale (xyz 1 1 1))
      (rotate (xyz -90 0 0))
    )
  )

  (module Resistor_SMD:R_0603_1608Metric (layer F.Cu) (tedit 5F68FEEE) (tstamp 61BEA811)
    (at 108.458 43.18 270)
    (descr "Resistor SMD 0603 (1608 Metric), square (rectangular) end terminal, IPC_7351 nominal, (Body size source: IPC-SM-782 page 72, https://www.pcb-3d.com/wordpress/wp-content/uploads/ipc-sm-782a_amendment_1_and_2.pdf), generated with kicad-footprint-generator")
    (tags resistor)
    (path /61C2AFD8)
    (attr smd)
    (fp_text reference R5 (at 0 -1.43 90) (layer F.Fab)
      (effects (font (size 1 1) (thickness 0.15)))
    )
    (fp_text value 10k (at 0 1.43 90) (layer F.Fab)
      (effects (font (size 1 1) (thickness 0.15)))
    )
    (fp_line (start 1.48 0.73) (end -1.48 0.73) (layer F.CrtYd) (width 0.05))
    (fp_line (start 1.48 -0.73) (end 1.48 0.73) (layer F.CrtYd) (width 0.05))
    (fp_line (start -1.48 -0.73) (end 1.48 -0.73) (layer F.CrtYd) (width 0.05))
    (fp_line (start -1.48 0.73) (end -1.48 -0.73) (layer F.CrtYd) (width 0.05))
    (fp_line (start -0.237258 0.5225) (end 0.237258 0.5225) (layer F.SilkS) (width 0.12))
    (fp_line (start -0.237258 -0.5225) (end 0.237258 -0.5225) (layer F.SilkS) (width 0.12))
    (fp_line (start 0.8 0.4125) (end -0.8 0.4125) (layer F.Fab) (width 0.1))
    (fp_line (start 0.8 -0.4125) (end 0.8 0.4125) (layer F.Fab) (width 0.1))
    (fp_line (start -0.8 -0.4125) (end 0.8 -0.4125) (layer F.Fab) (width 0.1))
    (fp_line (start -0.8 0.4125) (end -0.8 -0.4125) (layer F.Fab) (width 0.1))
    (fp_text user %R (at 0 0 90) (layer F.Fab)
      (effects (font (size 0.4 0.4) (thickness 0.06)))
    )
    (pad 2 smd roundrect (at 0.825 0 270) (size 0.8 0.95) (layers F.Cu F.Paste F.Mask) (roundrect_rratio 0.25)
      (net 44 /RESET))
    (pad 1 smd roundrect (at -0.825 0 270) (size 0.8 0.95) (layers F.Cu F.Paste F.Mask) (roundrect_rratio 0.25)
      (net 7 /REG_3V3))
    (model ${KISYS3DMOD}/Resistor_SMD.3dshapes/R_0603_1608Metric.wrl
      (at (xyz 0 0 0))
      (scale (xyz 1 1 1))
      (rotate (xyz 0 0 0))
    )
  )

  (module Capacitor_SMD:C_0603_1608Metric (layer F.Cu) (tedit 5F68FEEE) (tstamp 61BEA592)
    (at 110.998 43.942 180)
    (descr "Capacitor SMD 0603 (1608 Metric), square (rectangular) end terminal, IPC_7351 nominal, (Body size source: IPC-SM-782 page 76, https://www.pcb-3d.com/wordpress/wp-content/uploads/ipc-sm-782a_amendment_1_and_2.pdf), generated with kicad-footprint-generator")
    (tags capacitor)
    (path /61BF9804)
    (attr smd)
    (fp_text reference C9 (at 2.286 -0.508) (layer F.Fab)
      (effects (font (size 1 1) (thickness 0.15)))
    )
    (fp_text value 100nF (at 0 1.43) (layer F.Fab)
      (effects (font (size 1 1) (thickness 0.15)))
    )
    (fp_line (start 1.48 0.73) (end -1.48 0.73) (layer F.CrtYd) (width 0.05))
    (fp_line (start 1.48 -0.73) (end 1.48 0.73) (layer F.CrtYd) (width 0.05))
    (fp_line (start -1.48 -0.73) (end 1.48 -0.73) (layer F.CrtYd) (width 0.05))
    (fp_line (start -1.48 0.73) (end -1.48 -0.73) (layer F.CrtYd) (width 0.05))
    (fp_line (start -0.14058 0.51) (end 0.14058 0.51) (layer F.SilkS) (width 0.12))
    (fp_line (start -0.14058 -0.51) (end 0.14058 -0.51) (layer F.SilkS) (width 0.12))
    (fp_line (start 0.8 0.4) (end -0.8 0.4) (layer F.Fab) (width 0.1))
    (fp_line (start 0.8 -0.4) (end 0.8 0.4) (layer F.Fab) (width 0.1))
    (fp_line (start -0.8 -0.4) (end 0.8 -0.4) (layer F.Fab) (width 0.1))
    (fp_line (start -0.8 0.4) (end -0.8 -0.4) (layer F.Fab) (width 0.1))
    (fp_text user %R (at 0 0) (layer F.Fab)
      (effects (font (size 0.4 0.4) (thickness 0.06)))
    )
    (pad 2 smd roundrect (at 0.775 0 180) (size 0.9 0.95) (layers F.Cu F.Paste F.Mask) (roundrect_rratio 0.25)
      (net 7 /REG_3V3))
    (pad 1 smd roundrect (at -0.775 0 180) (size 0.9 0.95) (layers F.Cu F.Paste F.Mask) (roundrect_rratio 0.25)
      (net 2 GND))
    (model ${KISYS3DMOD}/Capacitor_SMD.3dshapes/C_0603_1608Metric.wrl
      (at (xyz 0 0 0))
      (scale (xyz 1 1 1))
      (rotate (xyz 0 0 0))
    )
  )

  (module Capacitor_SMD:C_0603_1608Metric (layer F.Cu) (tedit 5F68FEEE) (tstamp 61BEA581)
    (at 110.998 42.164 180)
    (descr "Capacitor SMD 0603 (1608 Metric), square (rectangular) end terminal, IPC_7351 nominal, (Body size source: IPC-SM-782 page 76, https://www.pcb-3d.com/wordpress/wp-content/uploads/ipc-sm-782a_amendment_1_and_2.pdf), generated with kicad-footprint-generator")
    (tags capacitor)
    (path /61BF902D)
    (attr smd)
    (fp_text reference C8 (at 0 -1.43) (layer F.Fab)
      (effects (font (size 1 1) (thickness 0.15)))
    )
    (fp_text value 22uF (at 0 1.43) (layer F.Fab)
      (effects (font (size 1 1) (thickness 0.15)))
    )
    (fp_line (start 1.48 0.73) (end -1.48 0.73) (layer F.CrtYd) (width 0.05))
    (fp_line (start 1.48 -0.73) (end 1.48 0.73) (layer F.CrtYd) (width 0.05))
    (fp_line (start -1.48 -0.73) (end 1.48 -0.73) (layer F.CrtYd) (width 0.05))
    (fp_line (start -1.48 0.73) (end -1.48 -0.73) (layer F.CrtYd) (width 0.05))
    (fp_line (start -0.14058 0.51) (end 0.14058 0.51) (layer F.SilkS) (width 0.12))
    (fp_line (start -0.14058 -0.51) (end 0.14058 -0.51) (layer F.SilkS) (width 0.12))
    (fp_line (start 0.8 0.4) (end -0.8 0.4) (layer F.Fab) (width 0.1))
    (fp_line (start 0.8 -0.4) (end 0.8 0.4) (layer F.Fab) (width 0.1))
    (fp_line (start -0.8 -0.4) (end 0.8 -0.4) (layer F.Fab) (width 0.1))
    (fp_line (start -0.8 0.4) (end -0.8 -0.4) (layer F.Fab) (width 0.1))
    (fp_text user %R (at 0 0) (layer F.Fab)
      (effects (font (size 0.4 0.4) (thickness 0.06)))
    )
    (pad 2 smd roundrect (at 0.775 0 180) (size 0.9 0.95) (layers F.Cu F.Paste F.Mask) (roundrect_rratio 0.25)
      (net 7 /REG_3V3))
    (pad 1 smd roundrect (at -0.775 0 180) (size 0.9 0.95) (layers F.Cu F.Paste F.Mask) (roundrect_rratio 0.25)
      (net 2 GND))
    (model ${KISYS3DMOD}/Capacitor_SMD.3dshapes/C_0603_1608Metric.wrl
      (at (xyz 0 0 0))
      (scale (xyz 1 1 1))
      (rotate (xyz 0 0 0))
    )
  )

  (module PlayboardLib:TS-1101-C-W (layer F.Cu) (tedit 61BCBA41) (tstamp 61BEB72F)
    (at 71.628 30.48 180)
    (path /61BDD04F)
    (attr smd)
    (fp_text reference SW1 (at -1.778 0 90) (layer F.Fab)
      (effects (font (size 1 1) (thickness 0.15)))
    )
    (fp_text value SW_SPST (at 1.905 0 90) (layer F.Fab)
      (effects (font (size 1 1) (thickness 0.15)))
    )
    (fp_line (start -1.00076 2.30124) (end -1 -2.3) (layer F.SilkS) (width 0.12))
    (fp_line (start -1 -2.3) (end 1 -2.3) (layer F.SilkS) (width 0.12))
    (fp_line (start 1 -2.3) (end 1 2.3) (layer F.SilkS) (width 0.12))
    (fp_line (start 1 2.3) (end -1.00076 2.30124) (layer F.SilkS) (width 0.12))
    (fp_line (start -0.75 -4.25) (end 0.75 -4.25) (layer F.CrtYd) (width 0.05))
    (fp_line (start 0.75 -4.25) (end 0.75 4.25) (layer F.CrtYd) (width 0.05))
    (fp_line (start 0.75 4.25) (end -0.75 4.25) (layer F.CrtYd) (width 0.05))
    (fp_line (start -0.75 4.25) (end -0.75 -4.25) (layer F.CrtYd) (width 0.05))
    (pad 2 smd rect (at 0 -3.4 180) (size 1 1.2) (layers F.Cu F.Paste F.Mask)
      (net 2 GND))
    (pad 1 smd rect (at 0 3.4 180) (size 1 1.2) (layers F.Cu F.Paste F.Mask)
      (net 44 /RESET))
  )

  (module Resistor_SMD:R_0603_1608Metric (layer F.Cu) (tedit 5F68FEEE) (tstamp 61BD274A)
    (at 89.662 35.56 90)
    (descr "Resistor SMD 0603 (1608 Metric), square (rectangular) end terminal, IPC_7351 nominal, (Body size source: IPC-SM-782 page 72, https://www.pcb-3d.com/wordpress/wp-content/uploads/ipc-sm-782a_amendment_1_and_2.pdf), generated with kicad-footprint-generator")
    (tags resistor)
    (path /6203694D)
    (attr smd)
    (fp_text reference R2 (at 0 -1.43 90) (layer F.Fab)
      (effects (font (size 1 1) (thickness 0.15)))
    )
    (fp_text value 200 (at 0 1.43 90) (layer F.Fab)
      (effects (font (size 1 1) (thickness 0.15)))
    )
    (fp_line (start -0.8 0.4125) (end -0.8 -0.4125) (layer F.Fab) (width 0.1))
    (fp_line (start -0.8 -0.4125) (end 0.8 -0.4125) (layer F.Fab) (width 0.1))
    (fp_line (start 0.8 -0.4125) (end 0.8 0.4125) (layer F.Fab) (width 0.1))
    (fp_line (start 0.8 0.4125) (end -0.8 0.4125) (layer F.Fab) (width 0.1))
    (fp_line (start -0.237258 -0.5225) (end 0.237258 -0.5225) (layer F.SilkS) (width 0.12))
    (fp_line (start -0.237258 0.5225) (end 0.237258 0.5225) (layer F.SilkS) (width 0.12))
    (fp_line (start -1.48 0.73) (end -1.48 -0.73) (layer F.CrtYd) (width 0.05))
    (fp_line (start -1.48 -0.73) (end 1.48 -0.73) (layer F.CrtYd) (width 0.05))
    (fp_line (start 1.48 -0.73) (end 1.48 0.73) (layer F.CrtYd) (width 0.05))
    (fp_line (start 1.48 0.73) (end -1.48 0.73) (layer F.CrtYd) (width 0.05))
    (fp_text user %R (at 0 0 90) (layer F.Fab)
      (effects (font (size 0.4 0.4) (thickness 0.06)))
    )
    (pad 1 smd roundrect (at -0.825 0 90) (size 0.8 0.95) (layers F.Cu F.Paste F.Mask) (roundrect_rratio 0.25)
      (net 28 /ESP_TX))
    (pad 2 smd roundrect (at 0.825 0 90) (size 0.8 0.95) (layers F.Cu F.Paste F.Mask) (roundrect_rratio 0.25)
      (net 29 "Net-(R2-Pad2)"))
    (model ${KISYS3DMOD}/Resistor_SMD.3dshapes/R_0603_1608Metric.wrl
      (at (xyz 0 0 0))
      (scale (xyz 1 1 1))
      (rotate (xyz 0 0 0))
    )
  )

  (module Connector_USB:USB_Micro-B_Amphenol_10118194_Horizontal (layer F.Cu) (tedit 5F2142B6) (tstamp 61BDBD94)
    (at 92.202 18.034 180)
    (descr "USB Micro-B receptacle, horizontal, SMD, 10118194, https://cdn.amphenol-icc.com/media/wysiwyg/files/drawing/10118194.pdf")
    (tags "USB Micro B horizontal SMD")
    (path /61DB302E)
    (attr smd)
    (fp_text reference J1 (at 0 -3.5) (layer F.Fab)
      (effects (font (size 1 1) (thickness 0.15)))
    )
    (fp_text value USB_B_Micro (at 0 4.75) (layer F.Fab)
      (effects (font (size 1 1) (thickness 0.15)))
    )
    (fp_line (start -2.65 -1.55) (end 3.65 -1.55) (layer F.Fab) (width 0.1))
    (fp_line (start 3.65 -1.55) (end 3.65 3.45) (layer F.Fab) (width 0.1))
    (fp_line (start 3.65 3.45) (end -3.65 3.45) (layer F.Fab) (width 0.1))
    (fp_line (start -3.65 3.45) (end -3.65 -0.55) (layer F.Fab) (width 0.1))
    (fp_line (start 3.76 0.32) (end 3.76 -1.66) (layer F.SilkS) (width 0.12))
    (fp_line (start 3.76 -1.66) (end 3.34 -1.66) (layer F.SilkS) (width 0.12))
    (fp_line (start 3.76 2.29) (end 3.76 2.69) (layer F.SilkS) (width 0.12))
    (fp_line (start -3.76 2.69) (end -3.76 2.29) (layer F.SilkS) (width 0.12))
    (fp_line (start -3.76 0.32) (end -3.76 -1.66) (layer F.SilkS) (width 0.12))
    (fp_line (start -3.76 -1.66) (end -3.34 -1.66) (layer F.SilkS) (width 0.12))
    (fp_line (start 3 2.75) (end -3 2.75) (layer Dwgs.User) (width 0.1))
    (fp_line (start -4.45 3.95) (end 4.45 3.95) (layer F.CrtYd) (width 0.05))
    (fp_line (start -4.45 -2.58) (end 4.45 -2.58) (layer F.CrtYd) (width 0.05))
    (fp_line (start -4.45 -2.58) (end -4.45 3.95) (layer F.CrtYd) (width 0.05))
    (fp_line (start 4.45 -2.58) (end 4.45 3.95) (layer F.CrtYd) (width 0.05))
    (fp_line (start -1.31 -2.34) (end -1.76 -2.34) (layer F.SilkS) (width 0.12))
    (fp_line (start -1.76 -1.89) (end -1.76 -2.34) (layer F.SilkS) (width 0.12))
    (fp_line (start -3.65 -0.55) (end -2.65 -1.55) (layer F.Fab) (width 0.1))
    (fp_text user "PCB Edge" (at 0 2.75) (layer Dwgs.User)
      (effects (font (size 0.5 0.5) (thickness 0.08)))
    )
    (fp_text user %R (at 0 -0.05) (layer F.Fab)
      (effects (font (size 1 1) (thickness 0.15)))
    )
    (pad "" smd oval (at 2.5 -1.4 180) (size 1.25 0.95) (layers F.Paste))
    (pad "" smd oval (at -2.5 -1.4 180) (size 1.25 0.95) (layers F.Paste))
    (pad 6 thru_hole oval (at 3.5 1.3 180) (size 0.89 1.55) (drill oval 0.5 1.15) (layers *.Cu *.Mask)
      (net 13 "Net-(J1-Pad6)"))
    (pad 6 thru_hole oval (at -3.5 1.3 180) (size 0.89 1.55) (drill oval 0.5 1.15) (layers *.Cu *.Mask)
      (net 13 "Net-(J1-Pad6)"))
    (pad 6 smd rect (at 2.9 1.3 180) (size 1.2 1.55) (layers F.Cu F.Paste F.Mask)
      (net 13 "Net-(J1-Pad6)"))
    (pad 6 smd rect (at -2.9 1.3 180) (size 1.2 1.55) (layers F.Cu F.Paste F.Mask)
      (net 13 "Net-(J1-Pad6)"))
    (pad "" smd oval (at 3.5 1.3 180) (size 0.89 1.55) (layers F.Paste))
    (pad 6 smd rect (at 1 1.3 180) (size 1.5 1.55) (layers F.Cu F.Paste F.Mask)
      (net 13 "Net-(J1-Pad6)"))
    (pad 6 smd rect (at -1 1.3 180) (size 1.5 1.55) (layers F.Cu F.Paste F.Mask)
      (net 13 "Net-(J1-Pad6)"))
    (pad 6 thru_hole oval (at 2.5 -1.4 180) (size 1.25 0.95) (drill oval 0.85 0.55) (layers *.Cu *.Mask)
      (net 13 "Net-(J1-Pad6)"))
    (pad "" smd oval (at -3.5 1.3 180) (size 0.89 1.55) (layers F.Paste))
    (pad 6 thru_hole oval (at -2.5 -1.4 180) (size 1.25 0.95) (drill oval 0.85 0.55) (layers *.Cu *.Mask)
      (net 13 "Net-(J1-Pad6)"))
    (pad 5 smd rect (at 1.3 -1.4 180) (size 0.4 1.35) (layers F.Cu F.Paste F.Mask)
      (net 2 GND))
    (pad 4 smd rect (at 0.65 -1.4 180) (size 0.4 1.35) (layers F.Cu F.Paste F.Mask)
      (net 12 "Net-(J1-Pad4)"))
    (pad 3 smd rect (at 0 -1.4 180) (size 0.4 1.35) (layers F.Cu F.Paste F.Mask)
      (net 11 /USB_CONN_D+))
    (pad 2 smd rect (at -0.65 -1.4 180) (size 0.4 1.35) (layers F.Cu F.Paste F.Mask)
      (net 10 /USB_CONN_D-))
    (pad 1 smd rect (at -1.3 -1.4 180) (size 0.4 1.35) (layers F.Cu F.Paste F.Mask)
      (net 1 /USB_5V))
    (model ${KISYS3DMOD}/Connector_USB.3dshapes/USB_Micro-B_Amphenol_10118194_Horizontal.wrl
      (at (xyz 0 0 0))
      (scale (xyz 1 1 1))
      (rotate (xyz 0 0 0))
    )
  )

  (module Capacitor_SMD:C_0603_1608Metric (layer F.Cu) (tedit 5F68FEEE) (tstamp 61BD2499)
    (at 87.63 25.146)
    (descr "Capacitor SMD 0603 (1608 Metric), square (rectangular) end terminal, IPC_7351 nominal, (Body size source: IPC-SM-782 page 76, https://www.pcb-3d.com/wordpress/wp-content/uploads/ipc-sm-782a_amendment_1_and_2.pdf), generated with kicad-footprint-generator")
    (tags capacitor)
    (path /61FBE5A5)
    (attr smd)
    (fp_text reference C1 (at 0 -1.43) (layer F.Fab)
      (effects (font (size 1 1) (thickness 0.15)))
    )
    (fp_text value 100nF (at 0 1.43) (layer F.Fab)
      (effects (font (size 1 1) (thickness 0.15)))
    )
    (fp_line (start -0.8 0.4) (end -0.8 -0.4) (layer F.Fab) (width 0.1))
    (fp_line (start -0.8 -0.4) (end 0.8 -0.4) (layer F.Fab) (width 0.1))
    (fp_line (start 0.8 -0.4) (end 0.8 0.4) (layer F.Fab) (width 0.1))
    (fp_line (start 0.8 0.4) (end -0.8 0.4) (layer F.Fab) (width 0.1))
    (fp_line (start -0.14058 -0.51) (end 0.14058 -0.51) (layer F.SilkS) (width 0.12))
    (fp_line (start -0.14058 0.51) (end 0.14058 0.51) (layer F.SilkS) (width 0.12))
    (fp_line (start -1.48 0.73) (end -1.48 -0.73) (layer F.CrtYd) (width 0.05))
    (fp_line (start -1.48 -0.73) (end 1.48 -0.73) (layer F.CrtYd) (width 0.05))
    (fp_line (start 1.48 -0.73) (end 1.48 0.73) (layer F.CrtYd) (width 0.05))
    (fp_line (start 1.48 0.73) (end -1.48 0.73) (layer F.CrtYd) (width 0.05))
    (fp_text user %R (at 0 0) (layer F.Fab)
      (effects (font (size 0.4 0.4) (thickness 0.06)))
    )
    (pad 1 smd roundrect (at -0.775 0) (size 0.9 0.95) (layers F.Cu F.Paste F.Mask) (roundrect_rratio 0.25)
      (net 1 /USB_5V))
    (pad 2 smd roundrect (at 0.775 0) (size 0.9 0.95) (layers F.Cu F.Paste F.Mask) (roundrect_rratio 0.25)
      (net 2 GND))
    (model ${KISYS3DMOD}/Capacitor_SMD.3dshapes/C_0603_1608Metric.wrl
      (at (xyz 0 0 0))
      (scale (xyz 1 1 1))
      (rotate (xyz 0 0 0))
    )
  )

  (module Capacitor_SMD:C_0603_1608Metric (layer F.Cu) (tedit 5F68FEEE) (tstamp 61BD24AA)
    (at 92.202 34.798 180)
    (descr "Capacitor SMD 0603 (1608 Metric), square (rectangular) end terminal, IPC_7351 nominal, (Body size source: IPC-SM-782 page 76, https://www.pcb-3d.com/wordpress/wp-content/uploads/ipc-sm-782a_amendment_1_and_2.pdf), generated with kicad-footprint-generator")
    (tags capacitor)
    (path /61FC0758)
    (attr smd)
    (fp_text reference C2 (at 0 -1.43) (layer F.Fab)
      (effects (font (size 1 1) (thickness 0.15)))
    )
    (fp_text value 100nF (at 0 1.43) (layer F.Fab)
      (effects (font (size 1 1) (thickness 0.15)))
    )
    (fp_line (start 1.48 0.73) (end -1.48 0.73) (layer F.CrtYd) (width 0.05))
    (fp_line (start 1.48 -0.73) (end 1.48 0.73) (layer F.CrtYd) (width 0.05))
    (fp_line (start -1.48 -0.73) (end 1.48 -0.73) (layer F.CrtYd) (width 0.05))
    (fp_line (start -1.48 0.73) (end -1.48 -0.73) (layer F.CrtYd) (width 0.05))
    (fp_line (start -0.14058 0.51) (end 0.14058 0.51) (layer F.SilkS) (width 0.12))
    (fp_line (start -0.14058 -0.51) (end 0.14058 -0.51) (layer F.SilkS) (width 0.12))
    (fp_line (start 0.8 0.4) (end -0.8 0.4) (layer F.Fab) (width 0.1))
    (fp_line (start 0.8 -0.4) (end 0.8 0.4) (layer F.Fab) (width 0.1))
    (fp_line (start -0.8 -0.4) (end 0.8 -0.4) (layer F.Fab) (width 0.1))
    (fp_line (start -0.8 0.4) (end -0.8 -0.4) (layer F.Fab) (width 0.1))
    (fp_text user %R (at 0 0) (layer F.Fab)
      (effects (font (size 0.4 0.4) (thickness 0.06)))
    )
    (pad 2 smd roundrect (at 0.775 0 180) (size 0.9 0.95) (layers F.Cu F.Paste F.Mask) (roundrect_rratio 0.25)
      (net 3 "Net-(C2-Pad2)"))
    (pad 1 smd roundrect (at -0.775 0 180) (size 0.9 0.95) (layers F.Cu F.Paste F.Mask) (roundrect_rratio 0.25)
      (net 2 GND))
    (model ${KISYS3DMOD}/Capacitor_SMD.3dshapes/C_0603_1608Metric.wrl
      (at (xyz 0 0 0))
      (scale (xyz 1 1 1))
      (rotate (xyz 0 0 0))
    )
  )

  (module Capacitor_SMD:C_0603_1608Metric (layer F.Cu) (tedit 5F68FEEE) (tstamp 61BD24BB)
    (at 98.298 29.464)
    (descr "Capacitor SMD 0603 (1608 Metric), square (rectangular) end terminal, IPC_7351 nominal, (Body size source: IPC-SM-782 page 76, https://www.pcb-3d.com/wordpress/wp-content/uploads/ipc-sm-782a_amendment_1_and_2.pdf), generated with kicad-footprint-generator")
    (tags capacitor)
    (path /621081E5)
    (attr smd)
    (fp_text reference C3 (at 0 -1.43) (layer F.Fab)
      (effects (font (size 1 1) (thickness 0.15)))
    )
    (fp_text value 30pF (at 0 1.43) (layer F.Fab)
      (effects (font (size 1 1) (thickness 0.15)))
    )
    (fp_line (start -0.8 0.4) (end -0.8 -0.4) (layer F.Fab) (width 0.1))
    (fp_line (start -0.8 -0.4) (end 0.8 -0.4) (layer F.Fab) (width 0.1))
    (fp_line (start 0.8 -0.4) (end 0.8 0.4) (layer F.Fab) (width 0.1))
    (fp_line (start 0.8 0.4) (end -0.8 0.4) (layer F.Fab) (width 0.1))
    (fp_line (start -0.14058 -0.51) (end 0.14058 -0.51) (layer F.SilkS) (width 0.12))
    (fp_line (start -0.14058 0.51) (end 0.14058 0.51) (layer F.SilkS) (width 0.12))
    (fp_line (start -1.48 0.73) (end -1.48 -0.73) (layer F.CrtYd) (width 0.05))
    (fp_line (start -1.48 -0.73) (end 1.48 -0.73) (layer F.CrtYd) (width 0.05))
    (fp_line (start 1.48 -0.73) (end 1.48 0.73) (layer F.CrtYd) (width 0.05))
    (fp_line (start 1.48 0.73) (end -1.48 0.73) (layer F.CrtYd) (width 0.05))
    (fp_text user %R (at 0 0) (layer F.Fab)
      (effects (font (size 0.4 0.4) (thickness 0.06)))
    )
    (pad 1 smd roundrect (at -0.775 0) (size 0.9 0.95) (layers F.Cu F.Paste F.Mask) (roundrect_rratio 0.25)
      (net 4 /CH_XI))
    (pad 2 smd roundrect (at 0.775 0) (size 0.9 0.95) (layers F.Cu F.Paste F.Mask) (roundrect_rratio 0.25)
      (net 2 GND))
    (model ${KISYS3DMOD}/Capacitor_SMD.3dshapes/C_0603_1608Metric.wrl
      (at (xyz 0 0 0))
      (scale (xyz 1 1 1))
      (rotate (xyz 0 0 0))
    )
  )

  (module Capacitor_SMD:C_0603_1608Metric (layer F.Cu) (tedit 5F68FEEE) (tstamp 61BD24CC)
    (at 98.298 35.56 180)
    (descr "Capacitor SMD 0603 (1608 Metric), square (rectangular) end terminal, IPC_7351 nominal, (Body size source: IPC-SM-782 page 76, https://www.pcb-3d.com/wordpress/wp-content/uploads/ipc-sm-782a_amendment_1_and_2.pdf), generated with kicad-footprint-generator")
    (tags capacitor)
    (path /62109E5B)
    (attr smd)
    (fp_text reference C4 (at 0 -1.43) (layer F.Fab)
      (effects (font (size 1 1) (thickness 0.15)))
    )
    (fp_text value 30pF (at 0 1.43) (layer F.Fab)
      (effects (font (size 1 1) (thickness 0.15)))
    )
    (fp_line (start 1.48 0.73) (end -1.48 0.73) (layer F.CrtYd) (width 0.05))
    (fp_line (start 1.48 -0.73) (end 1.48 0.73) (layer F.CrtYd) (width 0.05))
    (fp_line (start -1.48 -0.73) (end 1.48 -0.73) (layer F.CrtYd) (width 0.05))
    (fp_line (start -1.48 0.73) (end -1.48 -0.73) (layer F.CrtYd) (width 0.05))
    (fp_line (start -0.14058 0.51) (end 0.14058 0.51) (layer F.SilkS) (width 0.12))
    (fp_line (start -0.14058 -0.51) (end 0.14058 -0.51) (layer F.SilkS) (width 0.12))
    (fp_line (start 0.8 0.4) (end -0.8 0.4) (layer F.Fab) (width 0.1))
    (fp_line (start 0.8 -0.4) (end 0.8 0.4) (layer F.Fab) (width 0.1))
    (fp_line (start -0.8 -0.4) (end 0.8 -0.4) (layer F.Fab) (width 0.1))
    (fp_line (start -0.8 0.4) (end -0.8 -0.4) (layer F.Fab) (width 0.1))
    (fp_text user %R (at 0 0) (layer F.Fab)
      (effects (font (size 0.4 0.4) (thickness 0.06)))
    )
    (pad 2 smd roundrect (at 0.775 0 180) (size 0.9 0.95) (layers F.Cu F.Paste F.Mask) (roundrect_rratio 0.25)
      (net 2 GND))
    (pad 1 smd roundrect (at -0.775 0 180) (size 0.9 0.95) (layers F.Cu F.Paste F.Mask) (roundrect_rratio 0.25)
      (net 5 /CH_XO))
    (model ${KISYS3DMOD}/Capacitor_SMD.3dshapes/C_0603_1608Metric.wrl
      (at (xyz 0 0 0))
      (scale (xyz 1 1 1))
      (rotate (xyz 0 0 0))
    )
  )

  (module Capacitor_SMD:C_0603_1608Metric (layer F.Cu) (tedit 5F68FEEE) (tstamp 61BD24DD)
    (at 78.74 16.764 180)
    (descr "Capacitor SMD 0603 (1608 Metric), square (rectangular) end terminal, IPC_7351 nominal, (Body size source: IPC-SM-782 page 76, https://www.pcb-3d.com/wordpress/wp-content/uploads/ipc-sm-782a_amendment_1_and_2.pdf), generated with kicad-footprint-generator")
    (tags capacitor)
    (path /61BE813E)
    (attr smd)
    (fp_text reference C5 (at 0 -1.43) (layer F.Fab)
      (effects (font (size 1 1) (thickness 0.15)))
    )
    (fp_text value 10uF (at 0 1.43) (layer F.Fab)
      (effects (font (size 1 1) (thickness 0.15)))
    )
    (fp_line (start -0.8 0.4) (end -0.8 -0.4) (layer F.Fab) (width 0.1))
    (fp_line (start -0.8 -0.4) (end 0.8 -0.4) (layer F.Fab) (width 0.1))
    (fp_line (start 0.8 -0.4) (end 0.8 0.4) (layer F.Fab) (width 0.1))
    (fp_line (start 0.8 0.4) (end -0.8 0.4) (layer F.Fab) (width 0.1))
    (fp_line (start -0.14058 -0.51) (end 0.14058 -0.51) (layer F.SilkS) (width 0.12))
    (fp_line (start -0.14058 0.51) (end 0.14058 0.51) (layer F.SilkS) (width 0.12))
    (fp_line (start -1.48 0.73) (end -1.48 -0.73) (layer F.CrtYd) (width 0.05))
    (fp_line (start -1.48 -0.73) (end 1.48 -0.73) (layer F.CrtYd) (width 0.05))
    (fp_line (start 1.48 -0.73) (end 1.48 0.73) (layer F.CrtYd) (width 0.05))
    (fp_line (start 1.48 0.73) (end -1.48 0.73) (layer F.CrtYd) (width 0.05))
    (fp_text user %R (at 0 0) (layer F.Fab)
      (effects (font (size 0.4 0.4) (thickness 0.06)))
    )
    (pad 1 smd roundrect (at -0.775 0 180) (size 0.9 0.95) (layers F.Cu F.Paste F.Mask) (roundrect_rratio 0.25)
      (net 6 "Net-(C5-Pad1)"))
    (pad 2 smd roundrect (at 0.775 0 180) (size 0.9 0.95) (layers F.Cu F.Paste F.Mask) (roundrect_rratio 0.25)
      (net 2 GND))
    (model ${KISYS3DMOD}/Capacitor_SMD.3dshapes/C_0603_1608Metric.wrl
      (at (xyz 0 0 0))
      (scale (xyz 1 1 1))
      (rotate (xyz 0 0 0))
    )
  )

  (module Capacitor_SMD:C_0603_1608Metric (layer F.Cu) (tedit 5F68FEEE) (tstamp 61BD24EE)
    (at 70.866 20.828 90)
    (descr "Capacitor SMD 0603 (1608 Metric), square (rectangular) end terminal, IPC_7351 nominal, (Body size source: IPC-SM-782 page 76, https://www.pcb-3d.com/wordpress/wp-content/uploads/ipc-sm-782a_amendment_1_and_2.pdf), generated with kicad-footprint-generator")
    (tags capacitor)
    (path /61BEA5E2)
    (attr smd)
    (fp_text reference C6 (at 0 -1.43 90) (layer F.Fab)
      (effects (font (size 1 1) (thickness 0.15)))
    )
    (fp_text value 10uF (at 0 1.43 90) (layer F.Fab)
      (effects (font (size 1 1) (thickness 0.15)))
    )
    (fp_line (start 1.48 0.73) (end -1.48 0.73) (layer F.CrtYd) (width 0.05))
    (fp_line (start 1.48 -0.73) (end 1.48 0.73) (layer F.CrtYd) (width 0.05))
    (fp_line (start -1.48 -0.73) (end 1.48 -0.73) (layer F.CrtYd) (width 0.05))
    (fp_line (start -1.48 0.73) (end -1.48 -0.73) (layer F.CrtYd) (width 0.05))
    (fp_line (start -0.14058 0.51) (end 0.14058 0.51) (layer F.SilkS) (width 0.12))
    (fp_line (start -0.14058 -0.51) (end 0.14058 -0.51) (layer F.SilkS) (width 0.12))
    (fp_line (start 0.8 0.4) (end -0.8 0.4) (layer F.Fab) (width 0.1))
    (fp_line (start 0.8 -0.4) (end 0.8 0.4) (layer F.Fab) (width 0.1))
    (fp_line (start -0.8 -0.4) (end 0.8 -0.4) (layer F.Fab) (width 0.1))
    (fp_line (start -0.8 0.4) (end -0.8 -0.4) (layer F.Fab) (width 0.1))
    (fp_text user %R (at 0 0 90) (layer F.Fab)
      (effects (font (size 0.4 0.4) (thickness 0.06)))
    )
    (pad 2 smd roundrect (at 0.775 0 90) (size 0.9 0.95) (layers F.Cu F.Paste F.Mask) (roundrect_rratio 0.25)
      (net 2 GND))
    (pad 1 smd roundrect (at -0.775 0 90) (size 0.9 0.95) (layers F.Cu F.Paste F.Mask) (roundrect_rratio 0.25)
      (net 7 /REG_3V3))
    (model ${KISYS3DMOD}/Capacitor_SMD.3dshapes/C_0603_1608Metric.wrl
      (at (xyz 0 0 0))
      (scale (xyz 1 1 1))
      (rotate (xyz 0 0 0))
    )
  )

  (module Capacitor_SMD:C_0603_1608Metric (layer F.Cu) (tedit 5F68FEEE) (tstamp 61BD2543)
    (at 74.93 46.482 270)
    (descr "Capacitor SMD 0603 (1608 Metric), square (rectangular) end terminal, IPC_7351 nominal, (Body size source: IPC-SM-782 page 76, https://www.pcb-3d.com/wordpress/wp-content/uploads/ipc-sm-782a_amendment_1_and_2.pdf), generated with kicad-footprint-generator")
    (tags capacitor)
    (path /62905E14)
    (attr smd)
    (fp_text reference C7 (at 0 -1.43 90) (layer F.Fab)
      (effects (font (size 1 1) (thickness 0.15)))
    )
